21433133;38.719;-9.17617;
21433831;38.7141;-9.26466;
24959316;40.7026;-7.95142;
25267983;41.4316;-8.3367;
25390845;38.8856;-9.05768;
25391082;38.8878;-9.0548;
25396657;38.8445;-9.09198;
25396826;38.8017;-9.10761;
25396827;38.7993;-9.10928;
25396828;38.7992;-9.10909;
25397010;38.8955;-9.04779;
25397026;38.9064;-9.03831;
25397284;38.9647;-8.98462;
25397322;39.0002;-8.96748;
25397581;39.0093;-8.96674;
25397594;39.0157;-8.96623;
25397599;39.0135;-8.96621;
25398075;39.1364;-8.89347;
25398081;39.1431;-8.88576;
25398085;39.1412;-8.88804;
25417618;38.5861;-8.8418;
25417621;38.5871;-8.83717;
25417664;38.5857;-8.89121;
25417897;38.646;-8.88443;
25417938;38.7079;-8.90665;
25417982;38.717;-8.93438;
25417993;38.7173;-8.94435;
25422873;38.7861;-9.10608;
25422920;38.7865;-9.09283;
25422927;38.7852;-9.08336;
25422985;38.7272;-8.98926;
25432059;38.8432;-9.16822;
25507464;41.1066;-8.5657;
25507465;41.1066;-8.56556;
25507482;41.0991;-8.57186;
25507483;41.0986;-8.57198;
25507490;41.095;-8.57328;
25507501;41.0885;-8.57584;
25507512;41.0819;-8.57531;
25507531;41.0717;-8.5814;
25507560;41.1623;-8.58122;
25507574;41.1545;-8.58273;
25507580;41.152;-8.58039;
25507694;41.052;-8.57324;
25529439;41.0024;-8.58281;
25529559;40.9217;-8.56751;
25529699;40.7851;-8.54594;
26015868;41.1666;-8.58524;
26015874;41.167;-8.58707;
26015884;41.1717;-8.59487;
26015889;41.1718;-8.5971;
26015892;41.1715;-8.59808;
26015897;41.1713;-8.60052;
26015913;41.1742;-8.60993;
26015915;41.1744;-8.61127;
26016417;41.1688;-8.64006;
26016423;41.1662;-8.64384;
26016445;41.1566;-8.64603;
26016465;41.1496;-8.64093;
26016966;41.1103;-8.60743;
26016999;41.0943;-8.58944;
26018180;40.7767;-8.54338;
26018275;40.6863;-8.5198;
26018444;40.6259;-8.53599;
26018675;40.5626;-8.56136;
26018681;40.5557;-8.56065;
26019627;40.6274;-8.73119;
26019654;40.6319;-8.68719;
26020012;40.651;-8.64536;
26020332;40.6481;-8.61909;
26020333;40.6482;-8.61909;
26020511;40.6873;-8.56247;
26020520;40.691;-8.55612;
26020538;40.6858;-8.53974;
26122713;41.1731;-8.59472;
26122714;41.1734;-8.5948;
26122742;41.1991;-8.58724;
26122745;41.2019;-8.58448;
26122786;41.1796;-8.59325;
26122807;41.1995;-8.58714;
26122991;41.2429;-8.56478;
26123042;41.2812;-8.56099;
26123079;41.2983;-8.53863;
26123399;41.3361;-8.50895;
26123460;41.3533;-8.50664;
26123725;41.4208;-8.49384;
26124231;41.4636;-8.473;
26124267;41.4782;-8.45894;
26124339;41.5133;-8.47332;
26124353;41.5151;-8.47644;
26131687;41.4241;-8.19082;
26131870;41.4259;-8.33024;
26203573;38.7952;-9.16163;
26203578;38.7948;-9.16275;
26203628;38.8473;-9.17056;
26203652;38.8625;-9.19138;
26203806;38.8126;-9.15001;
26203841;38.8494;-9.17303;
26203843;38.8506;-9.17506;
26212201;38.7861;-9.10715;
26212202;38.7861;-9.1078;
26230742;38.8671;-9.14583;
26231023;38.9111;-9.07268;
26231062;38.9115;-9.07248;
26231180;38.894;-9.04911;
26231183;38.8933;-9.04837;
26231225;38.8957;-9.052;
26231370;38.9517;-9.06597;
26231415;38.8132;-9.21658;
26231416;38.8141;-9.21218;
26233278;38.7747;-9.25363;
26233358;38.7719;-9.26367;
26233714;38.7552;-9.27167;
26233723;38.7473;-9.27357;
26233865;38.7443;-9.27558;
26233943;38.7414;-9.27608;
26233945;38.7413;-9.27612;
26233967;38.7331;-9.27512;
26236335;38.7836;-9.24366;
26236372;38.8269;-9.19132;
26236387;38.8484;-9.1837;
26236391;38.8499;-9.18031;
26236399;38.8531;-9.17151;
26236467;38.9097;-9.0696;
26236560;38.8297;-9.19074;
26236569;38.8439;-9.18613;
26236748;38.9207;-9.07532;
26236749;38.9189;-9.07431;
26264576;41.49;-8.40926;
26267394;41.5327;-8.44472;
26268335;41.5176;-8.43454;
26270149;41.4144;-8.3627;
26270509;41.5196;-8.44084;
26270740;41.5182;-8.42555;
26655616;40.4346;-8.50742;
26655678;40.3686;-8.49337;
27112753;40.6469;-7.29317;
27112826;40.6433;-7.31655;
27112862;40.6402;-7.33102;
27113089;40.6255;-7.39344;
27113173;40.6286;-7.40791;
27113300;40.6326;-7.43524;
27113302;40.6327;-7.43593;
27113495;40.6225;-7.49358;
27113922;40.6151;-7.61977;
27113995;40.6137;-7.65046;
27114425;40.6314;-7.80448;
27386220;39.7103;-8.9168;
30482059;38.8081;-9.3582;
30482080;38.7838;-9.36213;
30482083;38.7831;-9.36248;
30482103;38.8002;-9.36369;
30482115;38.8003;-9.36348;
40117594;40.798;-7.92792;
40117597;40.798;-7.92805;
40614114;40.8578;-7.92916;
40614485;40.8882;-7.92066;
40614526;40.8912;-7.91887;
40645042;40.8999;-7.91343;
41002574;41.1106;-7.77651;
41002768;41.1198;-7.77863;
41007775;41.1231;-7.77961;
41043004;41.1605;-7.77283;
41043009;41.1605;-7.77299;
41055822;41.1747;-7.76268;
41055870;41.1735;-7.75901;
41055904;41.1728;-7.75721;
41056566;41.2019;-7.74705;
41056613;41.2038;-7.74581;
41065465;41.2364;-7.72835;
41065513;41.24;-7.72644;
41065872;41.2593;-7.71101;
68902761;41.9694;-8.66689;
68902863;41.961;-8.66979;
68903403;41.9288;-8.65309;
68904198;41.8826;-8.6647;
68905581;41.8134;-8.59959;
68905931;41.7968;-8.58041;
68907069;41.7261;-8.55874;
68907364;41.7129;-8.54346;
68907896;41.675;-8.53889;
68909307;41.6321;-8.56199;
68909371;41.6341;-8.56148;
68910005;41.6702;-8.54375;
68911792;41.7848;-8.57333;
68913366;41.8935;-8.65928;
68914352;41.9772;-8.65641;
82779428;38.7255;-9.17335;
82779577;38.6795;-9.17473;
88381238;37.1793;-8.60797;
88381428;37.1626;-8.5064;
88401722;37.368;-8.25706;
88401817;37.4548;-8.22853;
88402120;37.7353;-8.20152;
88402573;38.2957;-8.50861;
88402740;38.5526;-8.61535;
88402756;38.6008;-8.6802;
89452085;38.8404;-8.73154;
89452223;39.1788;-8.6286;
91778083;41.7741;-6.67435;
101607545;39.5152;-9.08748;
101607625;39.553;-9.0529;
102715027;39.7255;-8.89649;
102715034;39.7324;-8.88941;
107991693;39.4231;-9.14552;
107991695;39.4234;-9.14504;
110339672;39.943;-8.67568;
110370981;40.1506;-8.83581;
110371256;40.1524;-8.84419;
110391753;39.7549;-8.74882;
110393018;39.7549;-8.81552;
111381856;40.2702;-8.48338;
111386369;40.3415;-8.49569;
112590248;41.1674;-8.64254;
112591352;41.1669;-8.64192;
112594210;41.1645;-8.63724;
112693335;41.1882;-8.66866;
112694575;41.2028;-8.68987;
112694581;41.2005;-8.68818;
114316539;41.1494;-8.57914;
115402327;40.2005;-8.48838;
115404382;40.1254;-8.50881;
115404686;40.0956;-8.53399;
115404766;40.0411;-8.57673;
115404770;40.027;-8.58863;
115405059;40.0387;-8.57981;
115405153;40.1281;-8.49919;
115409733;39.7738;-8.74379;
115410010;39.787;-8.73713;
115410027;39.8287;-8.71833;
115410095;39.7855;-8.73711;
115410161;39.8856;-8.69221;
115410599;39.879;-8.69905;
122410789;41.1783;-8.65592;
123405714;39.332;-9.00438;
123405720;39.3322;-9.00517;
123405976;39.2738;-8.77451;
123406007;39.2814;-8.78867;
123406556;39.2718;-8.72615;
123406646;39.2711;-8.71823;
128569678;41.174;-8.61706;
130075498;41.1673;-8.58728;
133135230;41.2322;-8.69535;
133135297;41.2684;-8.702;
133151885;41.3816;-8.73043;
133152036;41.4889;-8.74489;
133154394;41.5065;-8.75294;
133209669;41.2996;-8.70318;
133226742;41.4795;-8.74312;
133226803;41.4281;-8.74607;
133226848;41.3959;-8.74684;
133226868;41.3749;-8.72623;
135765197;41.2015;-8.56045;
135775394;41.201;-8.55701;
135809762;41.1969;-8.49888;
135809767;41.1968;-8.49494;
135809854;41.1875;-8.46384;
135809872;41.1863;-8.45638;
158753026;39.8136;-8.83958;
158753027;39.813;-8.8398;
158753029;39.812;-8.84042;
158756272;39.7394;-8.8858;
158756286;39.7242;-8.90022;
158848249;39.4777;-8.62934;
158851284;39.4864;-8.26192;
158861555;39.6386;-7.7452;
158861996;39.7574;-7.60964;
158863511;40.4297;-7.28087;
158863674;40.5259;-7.22331;
158866454;39.8466;-7.50894;
158867625;40.5027;-7.24115;
158869584;39.7103;-7.69341;
158873269;39.8464;-7.5094;
177205556;38.7142;-9.2646;
177205564;38.7152;-9.26683;
177206199;38.7138;-9.28743;
185519468;40.1365;-8.49589;
185522932;40.2073;-8.48876;
190635850;40.2717;-8.4464;
190653471;38.6518;-8.96761;
194087644;39.3302;-8.65713;
194091539;39.3195;-8.66498;
194091584;39.285;-8.69161;
194095754;39.2587;-8.73455;
194095759;39.2546;-8.73703;
194095771;39.2456;-8.74206;
194100052;39.2076;-8.78514;
194100060;39.2035;-8.79238;
197614033;37.17;-8.65784;
197614058;37.1727;-8.63404;
197953538;37.156;-8.21158;
198165329;38.5946;-8.62915;
199181355;37.1627;-8.50636;
199181410;37.1779;-8.52895;
199181433;37.1754;-8.52405;
199567347;37.1392;-8.31846;
199567555;37.1355;-8.35626;
199580842;37.166;-8.21481;
199580867;37.166;-8.21505;
199580892;37.1698;-8.21555;
199580987;37.1778;-8.21632;
199580991;37.1778;-8.21609;
199970770;37.9523;-8.2493;
201764913;37.1715;-8.64484;
201905889;37.149;-8.42276;
201954074;37.1961;-8.22723;
207102662;37.1281;-8.0936;
207102691;37.1205;-8.04103;
207257260;38.719;-9.21176;
207697680;37.3692;-8.25679;
207697687;37.3693;-8.25705;
207697718;37.3902;-8.26091;
207697733;37.4018;-8.26174;
207713812;37.4097;-8.25656;
207713820;37.4099;-8.25677;
207713829;37.4144;-8.25065;
207713997;37.5155;-8.18352;
208625131;40.2706;-8.47182;
208625134;40.2705;-8.47138;
208625138;40.2696;-8.46524;
208707616;40.2769;-8.4788;
208771995;40.2712;-8.44937;
209250826;40.1994;-8.48805;
218892243;37.8477;-8.22926;
227133827;40.1996;-8.48811;
233056161;38.7188;-9.2177;
233056164;38.7197;-9.20906;
236030646;38.7092;-9.26391;
237938995;38.717;-9.21898;
237968063;38.7184;-9.27048;
241973310;41.4019;-8.45027;
241973684;41.4019;-8.4566;
241981110;41.4004;-8.46464;
241981111;41.4007;-8.46416;
241982661;41.3876;-8.48307;
241982663;41.3886;-8.48172;
241983132;41.3847;-8.48855;
241983135;41.3855;-8.48666;
241983845;41.3856;-8.48674;
241983846;41.3848;-8.48861;
241984923;41.3816;-8.49864;
244067337;38.5868;-8.8632;
244067491;38.5797;-8.8632;
244067680;38.5809;-8.86322;
244068081;38.5818;-8.86327;
244451562;38.7176;-8.94173;
246785081;37.0951;-7.99399;
246785304;37.108;-7.80064;
246922434;39.7409;-8.76839;
247037636;37.1493;-7.66984;
247066508;38.7934;-9.11268;
247074139;38.8481;-9.08943;
247074350;38.8468;-9.09042;
247115607;38.8921;-9.05006;
249442345;39.2294;-8.70855;
249559891;40.2741;-8.483;
249560081;40.2157;-8.67527;
249585499;40.2723;-8.47809;
249585524;40.2706;-8.47141;
251076381;40.2308;-7.48878;
251108928;40.3377;-7.33923;
251485389;41.3113;-7.68701;
252057304;40.7398;-7.92443;
252261479;40.6118;-6.91385;
254821742;38.6669;-8.17478;
255469510;39.7296;-8.82647;
255585579;39.7494;-8.81809;
255585770;39.7523;-8.81713;
255585912;39.7545;-8.81582;
255590315;39.7273;-8.83526;
255590709;39.7407;-8.86148;
256338687;41.6394;-8.76431;
256341554;38.6832;-8.94115;
256500521;38.9708;-8.98148;
256501176;38.9693;-8.9827;
256502269;38.9403;-9.00118;
256504255;38.8922;-9.04813;
256506691;38.8725;-9.13486;
256506692;38.8766;-9.13303;
256507379;38.8675;-9.14313;
256507384;38.8676;-9.14267;
256510973;38.8397;-9.16461;
256512647;38.8164;-9.15142;
256513130;38.8121;-9.15006;
256514253;38.7868;-9.2433;
256514706;38.7908;-9.23971;
256514842;38.7912;-9.23863;
256514844;38.7909;-9.23817;
256515571;38.7846;-9.23126;
256515611;38.7709;-9.21221;
256515875;38.7703;-9.21138;
256515879;38.772;-9.21368;
256515888;38.7741;-9.22136;
256515889;38.7746;-9.22208;
256515912;38.785;-9.23178;
256517001;38.7452;-9.27508;
256518322;38.7137;-9.26125;
256519035;38.7125;-9.26589;
256601675;38.7701;-9.20805;
256609674;38.6093;-9.10685;
256753892;38.0545;-8.79006;
256965427;38.6628;-9.17124;
257667913;38.6378;-9.15427;
257668051;38.6313;-9.14523;
257943491;38.5823;-8.87473;
257943661;38.5821;-8.87473;
257943662;38.5823;-8.87538;
257954822;38.6075;-9.01909;
258127986;38.9563;-8.99211;
258151002;38.7195;-9.20972;
258180165;38.7135;-9.2974;
258196509;38.9595;-8.98836;
258218086;38.631;-8.86676;
258384727;38.7378;-9.40739;
258384730;38.7377;-9.40797;
262246248;38.7184;-8.94182;
262246260;38.7048;-8.94018;
263369019;41.4884;-8.74206;
263369557;41.5029;-8.63911;
263369560;41.5028;-8.63843;
263370906;41.531;-8.44327;
263371048;41.5119;-8.44451;
263371274;41.5031;-8.44115;
263371734;41.4438;-8.32917;
263371738;41.4434;-8.32914;
263371800;41.4315;-8.33707;
263543452;41.4296;-8.33864;
263557205;41.4014;-8.25111;
263557338;41.4052;-8.22717;
263557534;41.4198;-8.19906;
263557769;41.4383;-8.1648;
263557959;41.4349;-8.14355;
263568189;41.5313;-8.48441;
263568763;41.5038;-8.62719;
263568764;41.5036;-8.62908;
263568893;41.4964;-8.72905;
263570023;41.233;-8.12446;
263570630;41.2135;-8.28454;
263570631;41.2134;-8.28493;
263571987;41.2032;-8.64781;
263573590;41.2589;-8.08992;
263574321;41.2259;-8.17203;
263574322;41.2256;-8.1714;
263574341;41.2212;-8.16074;
263574394;41.2281;-8.13039;
263574395;41.2285;-8.12973;
263574432;41.2442;-8.11311;
263574460;41.2545;-8.1017;
263574461;41.2554;-8.10074;
263574467;41.2584;-8.09663;
263574470;41.2588;-8.0951;
263877437;40.8597;-8.57076;
263878975;40.6907;-8.55679;
263908469;40.7869;-8.56259;
263908688;40.9712;-8.61002;
263908799;41.0129;-8.62155;
263908811;41.0207;-8.62295;
263908828;41.0278;-8.62448;
264117214;41.231;-8.45874;
264117272;41.2398;-8.51154;
264117348;41.2403;-8.55504;
264117434;41.2411;-8.64597;
264117435;41.241;-8.64645;
264119164;41.2323;-8.69317;
264119285;41.2416;-8.62666;
264119286;41.2416;-8.62625;
264119385;41.2315;-8.53653;
264119509;41.2316;-8.46248;
264119545;41.2343;-8.45114;
264119916;41.2925;-8.26761;
264119921;41.2928;-8.26506;
264119922;41.2928;-8.26425;
264122086;41.3761;-8.72332;
264122183;41.3865;-8.70033;
264122184;41.3868;-8.69934;
264122692;41.3936;-8.68222;
264334669;41.674;-8.77096;
264334682;41.6774;-8.77167;
264334697;41.6854;-8.77668;
264334726;41.7056;-8.7988;
264334728;41.706;-8.79907;
264334785;41.7191;-8.79792;
264335169;41.8174;-8.80345;
264335217;41.8345;-8.78625;
264335332;41.8738;-8.78405;
264335412;41.8946;-8.77317;
264335526;41.9145;-8.77866;
264337160;41.8796;-8.78869;
264337356;41.8496;-8.77535;
264337903;41.719;-8.79803;
264337973;41.6889;-8.78083;
264340659;41.7834;-8.63453;
264340697;41.78;-8.62396;
264340737;41.7862;-8.60132;
264340749;41.7863;-8.59862;
264340755;41.786;-8.59579;
264341496;41.786;-8.57774;
264341526;41.7875;-8.58267;
264341587;41.7859;-8.5947;
264341611;41.7863;-8.59963;
264341794;41.7826;-8.64204;
264341829;41.7796;-8.64841;
264342123;41.7483;-8.69998;
264342281;41.7258;-8.72779;
264344303;41.2907;-8.26333;
264344382;41.3248;-8.23651;
264344481;41.3531;-8.26815;
264344539;41.3805;-8.26881;
264344615;41.3997;-8.25619;
264344641;41.3818;-8.27027;
264344665;41.3745;-8.25962;
264344714;41.3539;-8.26856;
264344751;41.3374;-8.25482;
264344752;41.3372;-8.25462;
264345020;41.2386;-8.20797;
264345022;41.2375;-8.20745;
264345023;41.2371;-8.20725;
264348509;41.7812;-8.55739;
264355660;40.6821;-8.53043;
264355665;40.6828;-8.52832;
264355683;40.6872;-8.52292;
264355872;40.6784;-8.43982;
264355878;40.6776;-8.43672;
264355896;40.6743;-8.42949;
264356078;40.6558;-8.38208;
264356253;40.6699;-8.34071;
264356284;40.669;-8.3296;
264356622;40.6813;-8.18105;
264356663;40.6801;-8.1621;
264356704;40.6837;-8.14453;
264356725;40.6877;-8.14103;
264356730;40.6902;-8.14062;
264356902;40.6956;-8.08396;
264356912;40.694;-8.07961;
264356930;40.6871;-8.07848;
264357059;40.6523;-8.0742;
264357088;40.6472;-8.06658;
264357327;40.6328;-7.97604;
264358052;40.6486;-7.86078;
264358268;40.6322;-7.82415;
264358369;40.6299;-7.80296;
264358542;40.6246;-7.77724;
264358647;40.617;-7.75677;
264358779;40.6133;-7.71355;
264359051;40.6136;-7.65055;
264359183;40.6186;-7.60571;
264359290;40.6179;-7.5754;
264359320;40.61;-7.56952;
264359430;40.6105;-7.52976;
264359606;40.6299;-7.47511;
264359795;40.6291;-7.41088;
264359848;40.624;-7.39701;
264359968;40.6269;-7.36161;
264360026;40.6362;-7.35093;
264360095;40.6401;-7.33095;
264360860;40.5698;-7.2485;
264361014;40.568;-7.21606;
264362445;40.6173;-6.85889;
264898451;40.5669;-7.22054;
265456060;40.6777;-8.43662;
265456569;40.67;-8.33313;
265456849;40.6814;-8.28066;
265456856;40.6819;-8.27977;
265456891;40.6856;-8.27103;
265457082;40.6823;-8.19531;
265457274;40.6834;-8.1506;
265457547;40.6967;-8.11179;
265457566;40.6952;-8.10974;
265457760;40.6939;-8.07935;
265457787;40.6908;-8.07868;
265457833;40.6838;-8.07592;
265458018;40.6458;-8.06322;
265458020;40.6455;-8.06232;
265458030;40.645;-8.06027;
265458177;40.6324;-8.01931;
265458189;40.6316;-8.01567;
265458253;40.6295;-7.99451;
265458322;40.6319;-7.97455;
265458332;40.6261;-7.96451;
265458356;40.6243;-7.95148;
265458430;40.6226;-7.91913;
265458474;40.6279;-7.90247;
265458643;40.64;-7.85473;
265458645;40.6395;-7.85403;
265458701;40.6382;-7.85046;
265659278;41.4791;-7.90071;
265659428;41.4866;-7.86222;
265659475;41.4891;-7.84898;
265659488;41.4896;-7.84452;
265659492;41.4906;-7.84223;
265659730;41.5009;-7.70329;
265659857;41.5012;-7.66159;
265659975;41.5013;-7.66167;
265660053;41.501;-7.70318;
265660101;41.5053;-7.72681;
265660102;41.5056;-7.72779;
265660200;41.4969;-7.80083;
265660232;41.4941;-7.82514;
265660262;41.492;-7.83979;
265660296;41.4871;-7.85913;
265706909;38.9295;-9.34956;
265706913;38.9263;-9.34862;
265707053;38.9264;-9.3485;
265707178;38.9525;-9.38903;
266000233;41.2721;-7.69483;
266000234;41.2725;-7.69415;
266000357;41.3351;-7.69972;
266000438;41.36;-7.70089;
266000655;41.4248;-7.64055;
266000762;41.4787;-7.64791;
266000820;41.5059;-7.65662;
266000822;41.5085;-7.65708;
266000839;41.5157;-7.65555;
266000843;41.5167;-7.6542;
266001012;41.5752;-7.64091;
266001087;41.6127;-7.62467;
266001311;41.6993;-7.55157;
266001330;41.7106;-7.54428;
266001538;41.8142;-7.41403;
266001791;41.7021;-7.54961;
266001794;41.7004;-7.55102;
266001885;41.6808;-7.56672;
266001979;41.6381;-7.59318;
266002058;41.6095;-7.62592;
266002120;41.5733;-7.63955;
266002242;41.5168;-7.65423;
266002304;41.4785;-7.64801;
266002569;41.3419;-7.70588;
266002584;41.335;-7.69978;
266002589;41.3297;-7.69915;
268501743;37.1504;-8.14507;
268501772;37.1484;-8.1268;
269352958;41.1176;-8.62621;
276682738;39.5581;-8.38509;
276682845;39.5658;-8.3748;
276682847;39.5691;-8.37328;
276682915;39.5793;-8.37175;
277300828;41.0083;-8.62065;
277301204;41.0111;-8.58107;
277302126;41.0113;-8.5706;
277302741;41.0117;-8.58848;
277303167;41.0118;-8.58511;
279906791;41.2219;-8.66112;
279906956;41.2047;-8.65157;
279907004;41.2047;-8.65139;
279907025;41.2116;-8.65255;
279907026;41.2117;-8.65263;
279907027;41.2138;-8.65358;
279907029;41.2141;-8.65376;
279907032;41.2158;-8.65505;
280241760;41.1965;-8.68422;
281344436;39.0649;-9.23874;
281347307;38.9272;-9.22064;
287239840;39.1289;-9.24995;
287239842;39.1256;-9.25201;
287292307;39.1108;-9.24342;
293283782;38.7084;-9.17796;
301113505;41.1853;-8.67469;
310637502;38.7181;-9.23574;
314404859;41.3751;-8.72789;
314549171;41.1591;-8.5825;
319277271;41.556;-8.5266;
319277287;41.5401;-8.49626;
319277299;41.5302;-8.48434;
319277346;41.4546;-8.4873;
319301913;41.2922;-8.54538;
319309726;41.1978;-8.58828;
319309729;41.1985;-8.58787;
319327528;41.1452;-8.58118;
319327535;41.1145;-8.57023;
319327543;41.104;-8.56664;
319441225;41.0764;-8.57861;
319836211;39.8316;-8.72039;
319836234;39.7734;-8.74373;
319836275;39.7188;-8.71387;
319886050;39.6226;-8.69356;
319886052;39.621;-8.69169;
319886081;39.6222;-8.69292;
320050671;39.475;-8.63004;
320064530;39.2764;-8.70479;
320064579;39.272;-8.71598;
320080016;39.2614;-8.73213;
320080073;39.1387;-8.89091;
320080102;39.1407;-8.88837;
320080125;39.1331;-8.89599;
320080134;39.1209;-8.911;
320080139;39.1177;-8.91555;
320124642;38.9263;-9.01186;
320131697;38.8589;-9.08237;
320131720;38.8159;-9.1012;
320138040;38.6898;-8.89876;
320145336;38.6464;-8.88487;
320145339;38.5853;-8.82439;
320145344;38.5846;-8.81765;
320161717;37.108;-7.8008;
320167844;37.1609;-7.65893;
320177056;37.2307;-7.44859;
324809999;41.1674;-8.64179;
340496503;39.3238;-9.17626;
340496511;39.3242;-9.17619;
340496515;39.2577;-9.16474;
340496558;39.2731;-9.16726;
340496587;39.3016;-9.16484;
353290223;41.1666;-8.64156;
371471688;38.6683;-8.17704;
371471754;38.6585;-8.24342;
371472119;38.6022;-8.65765;
371472186;38.6227;-8.57409;
371472212;38.6327;-8.54016;
371472460;38.6453;-8.38927;
371508853;38.8918;-7.21113;
371508930;38.8583;-7.31264;
371509016;38.8344;-7.41771;
371509548;38.9104;-7.16767;
378470240;39.4642;-8.53406;
390012167;39.7874;-7.56851;
391276720;40.6423;-8.66066;
410635676;40.3763;-7.31488;
411029254;41.1735;-8.62268;
411066295;41.1731;-8.62625;
419725484;41.2399;-8.63387;
420387780;38.9744;-9.05937;
420387795;38.9864;-9.04949;
420387802;38.9876;-9.04653;
420387904;39.0022;-9.01496;
420388203;39.0178;-8.97147;
428646317;37.138;-8.39986;
429693317;41.4946;-7.67245;
429902167;41.3778;-8.71884;
431176872;41.7034;-8.79748;
432537435;40.0742;-7.4808;
432537749;40.2006;-7.48843;
433072630;40.2629;-7.43886;
435143384;40.3374;-7.33971;
435143979;40.129;-7.47965;
437000332;41.1452;-8.63985;
445108004;41.2009;-8.55624;
447969548;38.7938;-9.11244;
448719438;37.095;-7.94783;
449816015;41.201;-8.55317;
450291738;41.1971;-8.50487;
450291741;41.1971;-8.50531;
450291743;41.197;-8.5053;
452809023;37.9695;-8.83238;
470071134;39.8539;-7.50191;
482743396;40.1529;-8.78255;
482743414;40.1542;-8.76952;
482743499;39.7443;-8.8826;
506454183;39.0291;-9.21995;
513898923;41.4042;-8.26843;
517257355;38.8016;-9.30667;
517257521;38.8114;-9.35656;
522464079;38.7753;-9.28224;
524125211;38.7819;-9.29094;
530588602;40.4569;-8.69789;
530695936;40.3264;-8.72204;
530695993;40.356;-8.70651;
530696027;40.3701;-8.70694;
530696079;40.4094;-8.70731;
530696098;40.4292;-8.70609;
534108712;38.7713;-9.26552;
534347635;38.9384;-8.74187;
534347997;38.6098;-8.64856;
534392236;40.1511;-8.83832;
534844151;40.1538;-8.79484;
534957145;40.2852;-8.52518;
600482169;41.7675;-7.49298;
600482204;41.7678;-7.49247;
600506113;41.2685;-7.69904;
600761245;40.6718;-7.96858;
600764062;40.6795;-7.96802;
600990328;40.7511;-7.92308;
601035380;39.4778;-8.62927;
618687717;39.4369;-9.12973;
618687737;39.4232;-9.14561;
628134613;39.3654;-9.08831;
629588096;39.4728;-8.62895;
631171987;39.4787;-8.63274;
664105093;40.6187;-6.84805;
664773722;40.929;-8.56899;
670432427;41.1218;-8.62094;
676548408;39.2597;-8.73381;
677900521;38.6597;-8.16894;
677900533;38.6595;-8.16878;
679212753;39.3667;-9.13179;
680066357;39.1978;-8.80788;
680066405;39.198;-8.8077;
680072331;39.4215;-9.1488;
686795882;39.4792;-8.22856;
686796014;39.4931;-8.09876;
686796062;39.51;-8.01797;
686817760;39.4807;-8.22556;
686817803;39.4858;-8.13163;
686817936;39.5475;-7.85373;
686933642;39.5495;-7.82731;
686992451;39.4922;-8.06448;
686992461;39.4961;-8.04726;
686992479;39.5232;-7.97561;
687581238;39.4822;-8.34356;
687623162;39.4829;-8.33975;
687653854;39.465;-8.53133;
687653934;39.4659;-8.52716;
687653952;39.4896;-8.45533;
687653962;39.4895;-8.45814;
687710003;39.2673;-8.7253;
687710024;39.3535;-8.64294;
687710026;39.3901;-8.63805;
688751411;39.3057;-8.91083;
692965661;39.4412;-9.12538;
692965687;39.4507;-9.12054;
705402217;41.2007;-8.61004;
733884062;41.2146;-8.69044;
733885978;41.2327;-8.69542;
764574735;41.1992;-8.3384;
764574810;41.1992;-8.33794;
767336035;37.1356;-8.35758;
767336317;37.1355;-8.3576;
768583195;41.0086;-8.61988;
768585612;40.9961;-8.61746;
768688445;40.9716;-8.61015;
770162705;38.9389;-9.23161;
784545905;41.1542;-8.64487;
787351141;41.7411;-6.56675;
789554426;41.4796;-8.74317;
790459227;41.5341;-8.75309;
797494421;37.1373;-8.23852;
814271220;40.7446;-8.54142;
814271354;40.6484;-8.59613;
814271468;40.6908;-8.55693;
814271623;40.6884;-8.54474;
814271641;40.672;-8.57847;
814271775;40.6511;-8.59495;
814301205;40.1589;-8.77613;
814301223;39.746;-8.88108;
814301243;40.1653;-8.78272;
814301279;40.0907;-8.76138;
814301306;40.2191;-8.80267;
814301354;39.8453;-8.83381;
814301397;39.8641;-8.82449;
814301423;39.7394;-8.88553;
814301424;40.1442;-8.75397;
814301435;39.7466;-8.88052;
819395851;37.239;-7.40542;
823783340;40.0181;-8.81118;
823783357;39.995;-8.79824;
823793089;40.044;-8.81219;
842130593;39.5769;-9.02942;
842130684;39.5808;-9.02212;
842130763;39.5843;-9.0157;
842130777;39.6339;-8.97345;
842130917;39.5838;-9.01674;
851495381;41.7417;-6.56565;
853550380;41.7336;-6.58149;
885279669;40.6129;-6.89325;
889028789;38.7514;-9.38913;
889303864;40.0774;-7.47757;
889304007;40.0728;-7.4817;
892494784;39.516;-8.00957;
895110152;39.0465;-8.67209;
896259448;39.3664;-9.09109;
903639249;39.7239;-8.81636;
913164431;41.1724;-8.62986;
913929509;38.7685;-9.37092;
913929999;38.7684;-9.37079;
914324558;38.0685;-8.78368;
914327710;41.3755;-8.726;
920081936;37.1553;-7.66721;
920091291;37.1362;-7.69845;
920091296;37.136;-7.69859;
920129403;37.1077;-7.8007;
922441556;40.6185;-7.76139;
922441642;40.6186;-7.76138;
922495820;40.6186;-6.8488;
922495843;40.6049;-7.03397;
922495875;40.6073;-6.93563;
928593556;37.0996;-7.90574;
930168160;37.1609;-8.50063;
930168161;37.1609;-8.5004;
930228147;37.0957;-7.9167;
937198468;41.8098;-8.80473;
937198470;41.8109;-8.8052;
937198515;41.7973;-8.79528;
939212458;37.2468;-8.25607;
939311555;38.6033;-8.01719;
939311940;38.8182;-7.6098;
939312188;38.6024;-8.02645;
939312327;38.6467;-7.85693;
939312349;38.7035;-7.8012;
940236131;41.7178;-8.79704;
956028758;37.1032;-8.01448;
957525477;38.8407;-8.73208;
959274039;37.3025;-8.25553;
964883096;39.2763;-8.70505;
975352956;37.389;-8.26111;
981230143;38.9021;-7.00043;
984100510;37.1595;-8.20263;
984414697;37.1378;-8.34186;
1014404057;38.6478;-7.85498;
1014406093;38.6463;-7.85754;
1027355765;38.8175;-7.47443;
1029507366;38.6426;-8.45481;
1029520458;38.6013;-8.67103;
1029531462;38.6085;-8.64779;
1029536938;38.6074;-8.63786;
1030664346;39.2305;-8.70541;
1030664387;39.2305;-8.70551;
1030691685;38.9377;-8.81932;
1030691791;38.9595;-8.83152;
1030691819;38.9331;-8.81821;
1030751200;40.2734;-8.4838;
1030774917;40.273;-8.48196;
1030850906;40.5396;-8.62969;
1043621941;41.378;-8.71892;
1058801804;38.7672;-8.68296;
1058801831;38.7664;-8.68302;
1071687018;38.6051;-8.64481;
1073928619;37.1364;-8.3492;
1075354195;41.199;-8.33628;
1078993453;40.1355;-7.47992;
1078993557;40.1358;-7.47987;
1079080515;40.1293;-7.47977;
1082517570;37.1388;-8.39599;
1082517595;37.1477;-8.42145;
1082517699;37.1621;-8.19437;
1082517887;37.1594;-8.20314;
1082517897;37.1391;-8.379;
1082781039;40.6048;-7.06431;
1082874101;40.6049;-7.06775;
1082972185;37.1781;-8.5361;
1089162822;40.5648;-7.2396;
1089162824;40.5647;-7.23943;
1089185332;40.5053;-7.23811;
1102622437;39.7593;-7.60644;
1102622476;39.7592;-7.60634;
1102622496;38.8195;-7.60608;
1102622498;39.7594;-7.60592;
1102768434;39.4907;-8.44674;
1102769179;39.6096;-8.36243;
1102769909;39.5799;-8.37132;
1102770078;39.5173;-8.4153;
1102770147;39.5581;-8.38522;
1102770395;39.5808;-8.3707;
1103228487;41.5155;-8.60966;
1103228515;41.5158;-8.60933;
1103406367;41.1277;-8.59767;
1103438337;38.9024;-9.04331;
1103469631;38.906;-9.03887;
1103614157;40.6538;-7.86507;
1103614178;40.6539;-7.86437;
1103652408;39.8137;-8.83925;
1103678044;40.6224;-7.91811;
1103682097;40.6233;-7.92323;
1103684013;40.6179;-8.54073;
1103689467;39.7384;-8.88597;
1103689479;39.7293;-8.89169;
1103689505;39.7384;-8.88626;
1104082508;41.2676;-7.6997;
1104321509;40.6175;-7.96309;
1104322875;40.6256;-7.9613;
1104360722;39.9933;-8.79758;
1104437255;40.6558;-7.96652;
1104517190;41.3834;-8.53443;
1104588542;40.1148;-8.52448;
1104588545;40.1147;-8.52464;
1104589979;38.4388;-8.52347;
1104596882;40.6924;-8.52224;
1104596908;40.6919;-8.52228;
1104615021;40.6857;-8.51932;
1104656530;40.1226;-8.51536;
1104656531;40.1228;-8.51499;
1104747248;40.232;-8.48688;
1104769246;40.1284;-8.48457;
1104772600;41.5309;-8.47775;
1104858704;38.7189;-9.27062;
1104900139;39.3806;-9.14117;
1104900299;39.2871;-9.16052;
1104900465;39.2882;-9.15963;
1104900645;39.3805;-9.14125;
1104999751;38.7637;-9.20276;
1104999761;38.765;-9.20447;
1105266187;39.3763;-9.13535;
1106023384;41.0081;-8.61966;
1106029038;40.552;-8.61833;
1106029049;40.5527;-8.61812;
1106058833;41.1322;-8.58853;
1106138263;40.6315;-8.68883;
1106195628;38.9088;-8.77625;
1106195723;39.061;-8.6662;
1106195767;38.8376;-8.72702;
1106196014;38.9106;-8.77404;
1106196016;38.8888;-8.79298;
1106196071;38.8372;-8.7263;
1106196353;39.0358;-8.67792;
1106228261;41.2149;-8.65432;
1106393526;40.6874;-8.1413;
1106420571;39.3266;-8.98908;
1106420799;39.3262;-8.98803;
1106420855;39.3263;-8.98797;
1106423074;40.6822;-8.19686;
1106546084;41.4587;-8.03218;
1106628445;38.6024;-8.02475;
1106628450;38.6026;-8.02429;
1106757191;40.9754;-7.88626;
1106761037;41.0046;-7.8841;
1106761041;41.005;-7.88406;
1106797037;41.0804;-7.79857;
1106802105;41.4971;-7.79739;
1106802111;41.5027;-7.77;
1106802120;41.4973;-7.79744;
1106842952;38.7432;-7.74535;
1106842954;38.743;-7.74618;
1107537754;39.2818;-9.16468;
1107537882;39.2835;-9.16327;
1107607184;41.4023;-8.25289;
1107607212;41.4025;-8.25338;
1107607224;41.3995;-8.24677;
1107681870;40.3413;-8.49568;
1108140355;38.034;-8.29336;
1108837419;39.8521;-8.82955;
1109037748;40.4256;-8.02538;
1109037904;40.3845;-8.1161;
1109037923;40.4246;-8.02648;
1109038017;40.4248;-8.0263;
1109502466;41.5159;-8.44471;
1109502480;41.5195;-8.44122;
1109557853;41.4056;-8.38214;
1109557866;41.4053;-8.38634;
1109557892;41.4054;-8.38631;
1109621735;41.7791;-8.56425;
1109621738;41.7802;-8.56661;
1109621751;41.7792;-8.56783;
1109937825;41.4367;-8.16837;
1109937862;41.4368;-8.16845;
1109945138;37.1279;-8.09311;
1110274220;37.1782;-8.61328;
1110279921;37.6659;-8.15805;
1110297536;41.2176;-8.65669;
1110297538;41.2195;-8.65854;
1110345499;41.2071;-8.62955;
1110369869;39.8077;-8.84392;
1110673412;41.1737;-8.61943;
1110673446;41.1736;-8.61998;
1110673561;41.1736;-8.61958;
1111774663;41.7257;-8.72771;
1112072090;41.1238;-8.57355;
1112112055;41.7855;-8.57713;
1112850742;41.7813;-8.61788;
1112966888;40.5704;-8.61243;
1112967171;40.5734;-8.61049;
1112967307;40.5694;-8.61268;
1113011782;41.7839;-8.63755;
1113011788;41.7827;-8.63202;
1113011796;41.7838;-8.63755;
1113012925;37.4254;-8.24079;
1113012929;37.4269;-8.23964;
1113012930;37.4316;-8.2353;
1113012941;37.448;-8.22727;
1113243445;41.2404;-8.49448;
1113336240;41.2585;-8.36291;
1113336298;41.259;-8.36604;
1113336419;41.2584;-8.36226;
1113430781;41.2623;-8.07044;
1113430890;41.2594;-8.08061;
1113431041;41.2587;-8.08644;
1113431235;41.2603;-8.07847;
1113822957;38.9033;-7.14894;
1114876383;41.0414;-8.63395;
1114876479;41.0417;-8.63429;
1114912059;41.0915;-8.5766;
1114912103;41.0884;-8.57571;
1114921771;41.0858;-8.61542;
1117550156;39.4841;-8.32986;
1117574789;39.4869;-8.38991;
1121340037;41.6114;-8.77274;
1121340242;41.6098;-8.77406;
1123608844;39.6856;-7.71489;
1123608862;39.6835;-7.71508;
1123608887;39.6855;-7.71471;
1124947245;41.7228;-7.54294;
1126015008;40.2712;-8.44901;
1126015095;40.2698;-8.46491;
1126015129;40.2698;-8.46679;
1126015256;40.2771;-8.47866;
1126015281;40.2696;-8.46484;
1132601190;39.1438;-8.62255;
1139427932;38.7971;-7.66646;
1139429316;38.7961;-7.66815;
1139714538;37.1692;-8.21537;
1139714773;37.1661;-8.21504;
1139715092;37.1661;-8.2148;
1148218554;37.1959;-8.22766;
1148218557;37.196;-8.22742;
1148218644;37.1955;-8.22743;
1148218783;37.1956;-8.22733;
1148218810;37.1957;-8.2271;
1148219168;37.1962;-8.22705;
1148219269;37.1958;-8.22769;
1148219350;37.196;-8.22745;
1148219553;37.1956;-8.22724;
1148219642;37.1962;-8.22714;
1148219706;37.1961;-8.22719;
1148243279;37.1957;-8.22706;
1165950502;37.1525;-8.43519;
1165953988;37.1524;-8.43541;
1168425708;40.4348;-8.50769;
1184793392;40.1035;-7.46927;
1187236129;39.987;-7.46002;
1187257646;37.1227;-8.0646;
1188259691;40.037;-7.46908;
1188259707;40.0373;-7.46912;
1188974377;39.9186;-7.47714;
1204616148;37.9984;-8.75015;
1205466574;37.9691;-8.83;
1205466626;37.9696;-8.83091;
1205711941;37.9671;-8.84581;
1205711978;37.9673;-8.8458;
1207871829;41.0233;-8.51018;
1207872148;41.0129;-8.54948;
1207872350;41.0241;-8.50754;
1207872983;41.0124;-8.5511;
1207873438;41.0458;-8.47911;
1212685126;39.0094;-9.00498;
1214152876;41.2459;-8.5658;
1214153131;41.2437;-8.56527;
1221815005;40.6312;-8.74174;
1221815096;40.6307;-8.74042;
1224729188;41.3954;-8.74636;
1225720449;37.1391;-8.32455;
1240664795;41.0638;-8.45572;
1243857957;41.1682;-8.64328;
1258262695;40.6776;-8.46622;
1260536862;41.0951;-8.46149;
1260536976;41.1339;-8.51274;
1267403701;41.0777;-8.63817;
1299524304;41.1992;-8.51665;
1313439313;41.0194;-8.58105;
1315126567;38.6014;-8.73364;
1317203157;41.0505;-8.5721;
1320276119;41.0908;-8.58706;
1320278951;41.091;-8.58713;
1323006145;41.1138;-8.56957;
1329815314;41.0053;-8.58246;
1330662144;41.0105;-8.5669;
1330667938;41.0118;-8.57406;
1332275875;41.0726;-8.45162;
1334701353;40.4378;-7.27137;
1351859380;40.3758;-7.31502;
1360521552;40.1204;-8.5179;
1360521583;40.1204;-8.51802;
1361259914;38.869;-9.20117;
1361259933;38.8475;-9.17071;
1361265313;38.8033;-9.15409;
1361265360;38.8338;-9.15901;
1363080733;39.5284;-8.66888;
1363298046;38.9806;-9.22059;
1363328735;39.0596;-9.23959;
1366942144;40.5026;-7.24124;
1369470981;38.8071;-9.35857;
1370062484;40.5144;-7.23336;
1370062486;40.5184;-7.23158;
1371229054;38.7271;-9.42229;
1403101086;41.9177;-8.77595;
1419373216;41.0681;-8.45167;
1430047404;41.9173;-8.77687;
1430047427;41.9176;-8.77591;
1433747469;38.0542;-8.79014;
1438727335;41.2354;-8.69587;
1452677426;40.6723;-8.5775;
1455449793;39.5425;-8.39502;
1455449796;39.5428;-8.39486;
1457063022;39.3288;-8.65801;
1457325202;38.9345;-8.74412;
1457325502;39.0091;-8.70335;
1464291997;38.5785;-8.62042;
1464292061;38.5808;-8.62079;
1482119268;42.0348;-8.65522;
1482119350;42.0474;-8.65654;
1487416471;40.6443;-8.65739;
1492522851;40.6927;-8.53629;
1492548249;40.6814;-8.56787;
1511585198;41.5171;-8.4291;
1511585201;41.5172;-8.42856;
1511585235;41.5186;-8.42462;
1520037701;41.2045;-8.62237;
1520037768;41.2047;-8.62226;
1522326973;41.0726;-8.45183;
1522326975;41.0733;-8.45195;
1522328679;41.0947;-8.46213;
1522333536;41.104;-8.44833;
1522333753;41.1049;-8.44462;
1522392648;41.1334;-8.42657;
1522393495;41.1584;-8.44186;
1522920793;41.182;-8.45278;
1522921500;41.2254;-8.45222;
1522921619;41.2301;-8.45549;
1522921639;41.2309;-8.45882;
1523500752;41.137;-8.42572;
1523501857;41.1493;-8.4319;
1523502051;41.1583;-8.44196;
1523507788;41.1911;-8.456;
1523508768;41.2272;-8.45351;
1523730379;40.9714;-8.46533;
1523730636;40.976;-8.46532;
1523735319;40.9952;-8.46015;
1523748437;41.0342;-8.49201;
1523750410;41.0384;-8.4937;
1523751944;41.0404;-8.49461;
1523752509;41.0406;-8.49473;
1523754903;41.0538;-8.51503;
1523761221;41.06;-8.52621;
1523761374;41.0603;-8.52652;
1523762260;41.0711;-8.53592;
1523763799;41.0832;-8.57531;
1523764270;41.0849;-8.57563;
1523766715;41.1096;-8.49327;
1523766910;41.1104;-8.49972;
1523769756;41.1338;-8.51283;
1523942504;39.7225;-8.80292;
1523989194;39.7383;-8.76964;
1523989220;39.7231;-8.81523;
1524066215;39.68;-8.84663;
1528762349;41.1256;-8.60648;
1530115524;38.9099;-7.16594;
1530115539;38.9107;-7.17101;
1533264374;41.0638;-8.64163;
1533264508;41.0643;-8.64156;
1533316209;41.0798;-8.63313;
1534488581;41.1161;-8.62939;
1534488844;41.1389;-8.63695;
1538810768;40.3192;-7.37698;
1548084025;40.2302;-7.48659;
1552011934;40.3205;-7.37369;
1563499892;40.5169;-8.65743;
1563649590;38.5863;-9.06683;
1568189272;41.8145;-7.41444;
1568189275;41.8145;-7.41432;
1570179434;40.1538;-8.79541;
1571921351;41.3492;-8.26482;
1577416185;37.0939;-7.92033;
1581019577;38.7726;-9.27917;
1581019623;38.773;-9.27952;
1584115048;41.1731;-7.75394;
1594879196;41.5318;-8.44356;
1600409548;40.2298;-7.48721;
1600409560;40.2307;-7.48888;
1600487777;39.5853;-8.66162;
1611609391;40.6864;-8.54261;
1611609399;40.6889;-8.54464;
1615725469;41.239;-8.20811;
1620549179;41.5366;-8.44562;
1625652590;41.2513;-7.96491;
1625652692;41.2524;-7.98211;
1625652845;41.2555;-8.04609;
1625652857;41.2556;-8.04668;
1625653033;41.2588;-8.05907;
1625653036;41.2589;-8.05842;
1625653068;41.2593;-8.00035;
1625653074;41.2594;-8.00034;
1625653083;41.2595;-8.00239;
1625653215;41.2613;-8.0668;
1631657504;41.2716;-8.3284;
1631657516;41.272;-8.32833;
1636661152;41.1969;-8.49993;
1636661158;41.1971;-8.50367;
1638455132;37.199;-7.49949;
1644057247;41.0719;-8.64171;
1644057276;41.0724;-8.64154;
1644057278;41.0724;-8.64182;
1644057536;41.0784;-8.63696;
1644057554;41.0796;-8.6338;
1644362655;38.8831;-7.03532;
1644511497;38.6106;-9.15315;
1645162930;41.0106;-8.62042;
1650134520;40.7672;-8.54344;
1650269341;40.628;-8.73272;
1650269349;40.6284;-8.73372;
1650474005;40.6324;-8.6849;
1650574261;40.6269;-8.72957;
1650574265;40.627;-8.7299;
1651726000;40.555;-8.56046;
1651726186;40.579;-8.60548;
1651729959;41.7876;-6.73236;
1657471947;38.6254;-9.19188;
1657489846;41.2706;-7.81692;
1660344153;39.2206;-8.70622;
1661419093;41.6797;-6.81757;
1661419351;41.6099;-6.88436;
1662827945;40.021;-8.59312;
1667481610;41.7768;-6.67962;
1667481771;41.7689;-6.66161;
1667482072;41.7893;-6.72792;
1667966557;41.4904;-7.20078;
1672236875;39.3133;-8.67079;
1672236882;39.3136;-8.67043;
1675138367;39.0741;-8.93305;
1685179997;41.3492;-8.19312;
1685180275;41.3371;-8.23309;
1685181044;41.3379;-8.23008;
1692239638;41.506;-8.44577;
1692263517;41.5331;-8.44486;
1697905080;41.2014;-8.53934;
1699693458;40.1295;-8.48648;
1699929492;40.1937;-8.68928;
1699957616;40.226;-8.79321;
1700570763;40.6221;-8.596;
1702558306;40.4301;-8.70601;
1702558308;40.4337;-8.70484;
1702558331;40.4448;-8.70159;
1702566992;40.4527;-8.69969;
1702567013;40.4535;-8.69965;
1702688839;40.4991;-8.67686;
1702732820;38.8901;-9.05173;
1702913696;40.1498;-8.83174;
1703473339;39.8557;-8.82715;
1704881519;39.4365;-9.12986;
1704881614;39.4601;-9.11832;
1704906938;39.3777;-9.13704;
1708863083;41.2865;-7.69951;
1709818845;40.9239;-8.56766;
1710130028;40.69;-8.55875;
1710493800;39.7286;-8.82653;
1710493815;39.729;-8.82764;
1710816291;40.455;-7.97236;
1710818754;40.6175;-7.96321;
1711103492;38.7748;-9.28167;
1711103495;38.7743;-9.28119;
1712101249;40.2687;-8.48349;
1712101282;40.2721;-8.47793;
1712101336;40.2743;-8.48655;
1713444476;40.5641;-8.56123;
1713468887;40.5863;-8.59903;
1713469139;40.6211;-8.59488;
1713469148;40.6225;-8.59672;
1713469296;40.6422;-8.60013;
1713469429;40.6633;-8.59116;
1713513426;40.5829;-8.60206;
1713513490;40.5841;-8.60121;
1713513502;40.5845;-8.60088;
1713519974;40.5812;-8.60348;
1719487362;38.7888;-9.30049;
1725078876;41.7921;-8.57767;
1737119544;38.8433;-7.39129;
1737121456;38.848;-7.37471;
1737122511;38.8558;-7.32383;
1737124451;38.8943;-7.20839;
1737125117;38.9101;-7.1665;
1741874017;38.5953;-9.05024;
1741910655;38.6019;-9.10796;
1741915901;38.6025;-9.11334;
1750577872;40.6699;-8.33531;
1750577926;40.6656;-8.32424;
1772918874;41.3732;-7.54253;
1786573017;39.6213;-8.85943;
1786573030;39.619;-8.85456;
1786573101;39.619;-8.85472;
1793412904;41.3601;-7.57533;
1793413021;41.3596;-7.57014;
1793413132;41.3601;-7.59209;
1794270256;38.8651;-9.15081;
1795697245;41.5349;-7.08016;
1805307793;41.395;-7.44608;
1808086617;41.2812;-7.71932;
1808086628;41.2854;-7.70237;
1808086755;41.2769;-7.72864;
1808086759;41.2771;-7.72866;
1808086761;41.2815;-7.71891;
1808091539;41.2772;-7.76783;
1808091559;41.2841;-7.71224;
1818309324;41.5196;-8.44036;
1832393439;37.1604;-7.6597;
1832629754;40.864;-8.44088;
1832629825;40.9159;-8.45197;
1832629850;40.8754;-8.43189;
1832629986;40.866;-8.43868;
1832630012;40.8773;-8.432;
1832630106;40.9143;-8.45112;
1832640596;40.8614;-8.44369;
1835605180;41.4078;-8.21995;
1837403013;41.4218;-7.38098;
1837403045;41.4221;-7.38136;
1837422405;41.5643;-7.01018;
1837444049;41.4107;-8.32327;
1837445105;41.4546;-8.34272;
1837445257;41.6265;-6.85413;
1837445369;41.6101;-6.88388;
1837507997;41.7699;-6.66443;
1837507999;41.7704;-6.66614;
1837508021;41.7641;-6.65234;
1837536314;41.2677;-7.78633;
1837536351;41.2918;-7.69226;
1837536367;41.279;-7.86963;
1837554780;41.2779;-7.82727;
1837558972;41.2559;-7.95062;
1837558974;41.2599;-8.03115;
1837558979;41.2613;-8.02235;
1837558987;41.2578;-7.94701;
1845243128;38.9238;-9.07586;
1845243165;38.9412;-9.0685;
1845278821;38.9096;-9.07085;
1845285994;38.9316;-9.07383;
1848794298;40.1447;-8.75448;
1864172653;38.7198;-9.23944;
1864172675;38.7163;-9.2249;
1864358291;39.7263;-8.78767;
1864359142;39.7547;-8.81576;
1874679285;41.6145;-8.77033;
1874679320;41.6152;-8.76974;
1875891867;40.0187;-8.81156;
1908143988;37.094;-7.92027;
1908190153;37.0997;-7.90146;
1929264993;37.5724;-8.18968;
1935927567;38.8007;-9.36349;
1935980251;38.7646;-9.26952;
1957635593;38.7703;-9.27282;
1963372500;40.7675;-8.54356;
1974011344;41.4236;-8.19339;
2003101345;40.0392;-8.57911;
2059081002;39.6738;-7.73209;
2078697147;39.5792;-8.3717;
2078716433;39.6213;-8.3589;
2078716436;39.6252;-8.35682;
2082342246;39.7495;-8.32611;
2128415448;41.8046;-7.41387;
2128415465;41.8049;-7.41376;
2154099445;38.5363;-8.8747;
2154192765;38.5368;-8.87415;
2161394686;41.7971;-7.43019;
2172647781;39.3957;-8.6396;
2172661483;39.5689;-8.65233;
2187817831;38.6228;-8.57359;
2187817873;38.6332;-8.53809;
2187817875;38.6392;-8.49468;
2187817911;38.6229;-8.57365;
2190114280;38.7687;-9.26887;
2191505780;40.1013;-7.46974;
2195014415;41.4086;-7.41986;
2216635556;37.8453;-8.22947;
2216658655;37.7594;-8.20576;
2216670458;37.4959;-8.20169;
2216674002;37.4653;-8.22261;
2216674007;37.4855;-8.20907;
2271010890;37.178;-8.52941;
2276085795;38.7966;-9.30588;
2286769198;41.1648;-8.639;
2303140492;40.2161;-8.80731;
2304721834;39.4065;-9.15451;
2322018092;41.1653;-8.63996;
2327126683;38.8166;-9.33926;
2327126741;38.8167;-9.33857;
2351264393;40.6517;-8.64194;
2377558188;40.2677;-7.42879;
2377558193;40.2691;-7.4251;
2480639130;37.1769;-8.57614;
2502987683;38.7147;-9.26617;
2535358844;40.6453;-8.06148;
2702487156;39.0159;-9.21518;
2749659757;41.3856;-8.5178;
2783653321;40.5767;-7.18804;
2820482320;40.1807;-8.37955;
2820482980;40.1643;-8.37772;
2820482992;40.1663;-8.37821;
2820483027;40.1711;-8.37769;
2820483088;40.1807;-8.37935;
2845999839;40.6242;-7.93785;
2847460744;40.6449;-8.06001;
2921542872;40.6562;-7.96676;
2954434305;37.9665;-8.8383;
2989483587;40.6875;-8.23427;
2991141454;40.6885;-8.24173;
2991173574;40.6774;-8.44775;
3003844566;37.2377;-7.41542;
3012777446;40.6168;-7.60731;
3020697285;40.2547;-7.44805;
3020697308;40.2009;-7.48831;
3020697315;40.1833;-7.48069;
3022375033;41.3756;-8.72512;
3022417644;41.3872;-8.69885;
3023669367;41.3867;-8.70022;
3023669371;41.3867;-8.70034;
3032731032;41.3847;-8.52093;
3048612527;39.3038;-8.93076;
3048612529;39.3038;-8.93003;
3049043461;39.2985;-8.86909;
3049043539;39.2989;-8.86544;
3055039884;39.2999;-8.82735;
3088106260;41.407;-8.37845;
3090131508;41.2351;-8.20604;
3092747274;41.1686;-8.58961;
3092764704;41.1713;-8.60084;
3092784183;41.172;-8.63176;
3093345369;41.2019;-8.58471;
3108588197;41.2395;-8.59935;
3115101640;38.7082;-8.93921;
3128460738;38.7189;-8.95654;
3147589246;41.4731;-8.46454;
3161724800;38.9676;-9.06203;
3161855462;38.939;-9.23176;
3161974081;38.7745;-9.36636;
3162212712;39.2541;-8.73711;
3162212713;39.2546;-8.73685;
3162212718;39.3025;-8.67993;
3188459818;41.8143;-7.41415;
3260428777;40.7773;-8.54341;
3260493374;40.6922;-8.52219;
3260493376;40.6971;-8.52318;
3260508016;40.5646;-8.56117;
3354537558;38.7891;-9.11573;
3414374468;41.4746;-7.95149;
3448387546;39.7381;-8.85735;
3452549209;41.4314;-8.33688;
3452549221;41.4315;-8.337;
3455009995;40.6043;-6.95057;
3470474294;38.6114;-9.11166;
3474972421;41.423;-8.33051;
3489266979;38.658;-9.17018;
3508371576;38.7364;-9.0082;
3508431388;38.7866;-9.09877;
3508431438;38.7862;-9.10441;
3508959702;38.7891;-9.11588;
3508959820;38.788;-9.11164;
3509049294;38.7938;-9.11643;
3509074961;38.7955;-9.11917;
3510950646;38.7182;-9.17606;
3510950649;38.7167;-9.17649;
3511124913;38.7253;-9.18708;
3511125013;38.7255;-9.18817;
3511125085;38.7243;-9.18014;
3516891807;38.7226;-9.16911;
3528980568;39.0114;-8.92919;
3529011423;39.0172;-8.95995;
3539201511;41.383;-8.50552;
3592186343;38.6653;-8.23527;
3592186514;38.6639;-8.23714;
3601228477;40.6498;-8.5954;
3601228881;40.691;-8.54984;
3602651191;41.2276;-8.67393;
3655387033;38.7419;-9.39443;
3670108577;38.7523;-9.38899;
3677975493;41.1921;-8.67946;
3677975509;41.1928;-8.68017;
3691362823;38.7264;-9.41712;
3691364235;38.7258;-9.41551;
3691364437;38.7256;-9.41392;
3691364854;38.7263;-9.41717;
3691364902;38.7261;-9.41668;
3691364926;38.7256;-9.41236;
3693344924;41.1436;-8.58108;
3693344947;41.14;-8.58093;
3694111401;38.7896;-9.23981;
3701032772;39.0172;-8.96438;
3713963940;41.1814;-8.59316;
3713963962;41.1841;-8.59359;
3714381702;41.1987;-8.5877;
3715260228;41.2432;-8.56491;
3729665345;39.0172;-8.96317;
3743033233;37.1454;-8.70797;
3750825459;38.6977;-9.22921;
3750825688;38.7142;-9.22203;
3750825803;38.7068;-9.22281;
3750825865;38.6978;-9.22903;
3750825986;38.7077;-9.22249;
3750826225;38.7018;-9.22661;
3751417465;38.7174;-9.3886;
3751417744;38.7174;-9.38833;
3751417852;38.7172;-9.38778;
3751417950;38.7179;-9.38213;
3751418024;38.7173;-9.38862;
3826714248;41.6526;-7.58059;
3829992726;41.703;-8.79711;
3831528982;41.6134;-8.77119;
3856833456;41.2923;-8.27131;
3865951911;38.7386;-9.40412;
3913816606;41.105;-8.56634;
3929311435;40.274;-8.48124;
3929467526;40.6879;-8.52128;
3929467528;40.6882;-8.52045;
3929548645;40.9355;-8.57253;
3929723637;41.011;-8.59053;
3929723643;41.0114;-8.57057;
3929723655;41.0154;-8.58208;
3943800281;39.0603;-8.6663;
3950368067;38.7078;-9.34173;
3950368137;38.7081;-9.33308;
3950368232;38.708;-9.33899;
3950368271;38.7078;-9.34384;
3950368318;38.7135;-9.35582;
3950368335;38.708;-9.33214;
3950368815;38.708;-9.33126;
3954091099;38.7092;-9.31268;
3976923251;38.6657;-9.17171;
3976925039;38.6687;-9.17234;
3976925182;38.6656;-9.17168;
3976925404;38.6662;-9.17182;
3976925582;38.6664;-9.17187;
3996487141;38.6631;-9.17113;
4007708191;39.6217;-8.69231;
4008713123;39.2718;-8.72639;
4009623118;39.0093;-8.96654;
4051480920;38.9409;-9.00074;
4051577791;41.7248;-8.55669;
4051668059;38.8961;-9.04743;
4051956125;38.7092;-9.26403;
4053061491;41.3376;-8.2187;
4054919700;41.6501;-8.55104;
4055298685;38.5858;-9.05498;
4063861660;40.3901;-7.3066;
4072769395;38.6057;-8.00868;
4072798029;38.6653;-8.17302;
4074104925;38.6451;-8.43724;
4074529051;38.5979;-8.63454;
4074529054;38.5986;-8.6357;
4074529080;38.6022;-8.6597;
4074536049;38.6133;-8.65057;
4074582603;38.5818;-8.85991;
4074582654;38.5916;-8.86519;
4075536065;38.7097;-8.93907;
4075536106;38.7173;-8.9393;
4075536118;38.7175;-8.94215;
4075536126;38.7184;-8.95434;
4080464731;39.0099;-8.9665;
4080898303;39.2635;-8.73002;
4080898307;39.2656;-8.7276;
4080898309;39.2708;-8.71934;
4097915927;39.475;-8.62981;
4097915932;39.4809;-8.63481;
4136070974;42.0334;-8.65377;
4136070979;42.032;-8.65253;
4142745206;42.0145;-8.64658;
4143437457;42.0128;-8.64688;
4143438407;42.013;-8.64685;
4147887561;38.6205;-8.08537;
4148026950;41.5337;-8.54947;
4154143959;41.1827;-8.37493;
4174432195;38.8217;-9.19575;
4176863050;38.789;-9.23673;
4182561873;38.7797;-9.36393;
4186790423;38.7137;-9.28805;
4188736380;38.7149;-9.25348;
4192193659;38.747;-9.27371;
4192712910;38.7638;-9.26964;
4192712928;38.7697;-9.26818;
4192712932;38.7707;-9.27331;
4192712946;38.7718;-9.26413;
4192739517;38.7755;-9.28249;
4192739520;38.7757;-9.28242;
4192766156;38.7844;-9.24325;
4194402060;39.4415;-9.12482;
4268176732;39.8104;-8.84151;
4278027498;40.6045;-6.95252;
4317194722;38.9649;-9.40491;
4341522182;38.783;-9.36227;
4363439363;38.6105;-9.10963;
4364218577;38.6696;-9.17276;
4387311946;38.5362;-8.87436;
4415729207;41.1976;-8.59662;
4459306640;37.1524;-8.69864;
4460378634;37.1613;-8.68482;
4468084217;37.1624;-8.68351;
4468110315;37.1652;-8.67647;
4468110321;37.1651;-8.6764;
4468110323;37.1656;-8.67327;
4565532671;41.1244;-8.63581;
4565533065;41.1461;-8.64008;
4567148792;41.1387;-8.63678;
4567152324;41.1199;-8.6351;
4567459877;41.527;-8.41449;
4569239847;41.9835;-8.64885;
4575731376;40.333;-8.72104;
4575731521;40.0386;-8.81316;
4577922336;40.6903;-8.54197;
4577922383;40.6552;-8.59322;
4577922484;40.5892;-8.59705;
4577922581;40.511;-8.66412;
4577922614;40.439;-8.70305;
4577922615;40.4342;-8.70445;
4579951962;40.6813;-8.18053;
4579952878;40.6881;-8.23662;
4579953151;40.6852;-8.22015;
4579953153;40.6852;-8.21914;
4581408454;41.0155;-8.52877;
4581622618;40.6247;-7.9551;
4581622619;40.6246;-7.95387;
4581622720;40.6234;-7.92388;
4581623019;40.6498;-7.8681;
4581623044;40.6412;-7.8565;
4581644750;41.026;-8.50067;
4643930196;41.5238;-8.4176;
4673940664;39.7286;-8.89266;
4683840365;41.0778;-8.63796;
4722746639;41.165;-8.64642;
4723270155;41.162;-8.6494;
4723379547;41.1732;-8.62544;
